{
  "executionTime": 2.919574,
  "cpuUsed": 7.683055815677219,
  "memoryUsed": 0.0007832273175329189,
  "memoryUsedMB": 0.375
}